"ASR"	"iter"
0.465729434551431	1
0.55284145763612	2
0.574055101217466	3
0.677154085920592	4
0.671008179951924	5
0.515822783521761	6
0.66694277484544	7
0.687849608361028	8
0.616638158595332	9
0.694897471170098	10
0.478314311820856	11
0.730980965561389	12
0.510794045700058	13
0.519234958203	14
0.689402767573375	15
0.688375036637841	16
0.652745023860926	17
0.698545013667123	18
0.661859684992029	19
0.7402027677226	20
0.6757391825577	21
0.61455818121645	22
0.573434994655399	23
0.685188726492511	24
0.665233149030569	25
0.717381254343096	26
0.676912757961722	27
0.698512368302612	28
0.709366964848108	29
0.522903794323455	30
0.609912241209136	31
0.399193179641861	32
0.629946949509746	33
0.708521398482969	34
0.672326918906376	35
0.635950350367565	36
0.67739185946976	37
0.632745541143993	38
0.59420583100244	39
0.588131715322305	40
0.774325154953106	41
0.711033687991359	42
0.637777521833276	43
0.678667317282117	44
0.619758770014743	45
0.682226883507447	46
0.676956501034509	47
0.648697230373345	48
0.585972544521382	49
0.564231132517048	50
0.726370598399378	51
0.685219049249253	52
0.653965891504344	53
0.725565210828132	54
0.692860921100227	55
0.589261801904807	56
0.555173284413899	57
0.556576215051147	58
0.667243568324281	59
0.685699927932494	60
0.67682426794104	61
0.743100647728969	62
0.699678981235433	63
0.778311478978771	64
0.523962711641376	65
0.715137277306046	66
0.6218494062873	67
0.756233261688035	68
0.652253076463624	69
0.65184436646544	70
0.652368621017641	71
0.610146339220995	72
0.610479526639159	73
0.722853586020675	74
0.608416883633938	75
0.665579229134006	76
0.52705757076987	77
0.723395994538347	78
0.549907059776336	79
0.580717179897719	80
0.619208720964693	81
0.538445945655948	82
0.683005755260652	83
0.571803845465618	84
0.718053457610616	85
0.593941694663736	86
0.565941920326875	87
0.614566056224913	88
0.576490750339891	89
0.702219521988775	90
0.534271956828437	91
0.649234962475245	92
0.501553104429018	93
0.541148544354616	94
0.620890797882007	95
0.573870421807594	96
0.582620429786009	97
0.63863436139517	98
0.677698931380163	99
0.654890752489995	100
0.603928960578617	101
0.643906873995846	102
0.507220571593131	103
0.719498944880384	104
0.68324364268696	105
0.598044386641394	106
0.721425304918771	107
0.610423072959605	108
0.632850225729641	109
0.720582381628725	110
0.526841797531419	111
0.731713212693411	112
0.657741646269483	113
0.715924371607171	114
0.78519976755594	115
0.554052024206584	116
0.636677203085908	117
0.734364557214924	118
0.701521030572878	119
0.624966692456439	120
0.646215657992239	121
0.727963123236827	122
0.637850468336988	123
0.575518295804114	124
0.607345553731268	125
0.708442353069848	126
0.503583297750485	127
0.543046284712799	128
0.625497559551429	129
0.588237233422559	130
0.800280018126597	131
0.64921760933818	132
0.629830083518551	133
0.581632915370795	134
0.585389422786593	135
0.612441180855116	136
0.58162157119193	137
0.620358518387337	138
0.604128813985065	139
0.756733618285719	140
0.77021734361285	141
0.73308171890222	142
0.6827887635158	143
0.534466351363099	144
0.65824719717533	145
0.727314312767779	146
0.497242481023646	147
0.654800017598716	148
0.679437579950779	149
0.654792711232821	150
0.617422306922588	151
0.801877575389109	152
0.582848089627114	153
0.527293126846713	154
0.597505923128788	155
0.571211279609763	156
0.715102492773008	157
0.605050858611188	158
0.519096482240858	159
0.735649190343425	160
0.698956926994634	161
0.734418336022782	162
0.704374796275768	163
0.610864964436075	164
0.610147449731923	165
0.478179643652182	166
0.646856140974908	167
0.566262077986878	168
0.593145615765595	169
0.77158897858294	170
0.764893225999667	171
0.601832768582915	172
0.705632893545496	173
0.622866361914498	174
0.53018941837308	175
0.704522352355631	176
0.757501588872953	177
0.656099103376486	178
0.648025498549551	179
0.70765004493734	180
0.680690447936789	181
0.620709389495153	182
0.649954467145866	183
0.617484803390523	184
0.71005656287748	185
0.554321101402732	186
0.744586093068709	187
0.642110750156808	188
0.617055542336209	189
0.553356899700361	190
0.449883004450908	191
0.567261583105341	192
0.741437057727537	193
0.556113379735925	194
0.630052692724386	195
0.569433991192743	196
0.740518935367277	197
0.509130773365844	198
0.792032446662795	199
0.61835635697135	200
0.695570487657622	201
0.623253587816885	202
0.689730426957251	203
0.740376418598503	204
0.660322690705927	205
0.724904030135677	206
0.576695076659365	207
0.635716327977661	208
0.705869008235586	209
0.662453005476222	210
0.682030679704312	211
0.570494320379298	212
0.563439998177917	213
0.749258874182515	214
0.58543561731528	215
0.690155560394545	216
0.62744920012277	217
0.618988810906623	218
0.748014536156901	219
0.6039421527291	220
0.708824659143226	221
0.539069151128721	222
0.592736528232212	223
0.646140186146691	224
0.591064881635637	225
0.630188515591449	226
0.71553796111474	227
0.639282434732588	228
0.631760502467526	229
0.757957820984928	230
0.705265593997728	231
0.658571585631668	232
0.635900277726684	233
0.629601956352242	234
0.684041102227967	235
0.689128901502224	236
0.719215890481697	237
0.592956877118106	238
0.626338878720937	239
0.696062645969906	240
0.626057502028769	241
0.569734167316971	242
0.624631583283201	243
0.576510366185764	244
0.519936225978458	245
0.694504673537411	246
0.664214662080784	247
0.722722623086661	248
0.67485627488255	249
0.519986153202001	250
0.618689469110113	251
0.491000287925232	252
0.787261940549899	253
0.602229051003101	254
0.758670691234626	255
0.686668223908848	256
0.704442085944292	257
0.803412472062687	258
0.67200170203454	259
0.57006152304463	260
0.624922538511499	261
0.563655472187947	262
0.648005778251491	263
0.617273772444954	264
0.514048423817386	265
0.554277094644412	266
0.462411721581504	267
0.63442415476031	268
0.548577626958033	269
0.739638021251894	270
0.588564413830497	271
0.7137746131779	272
0.639093862525014	273
0.672085944358551	274
0.474339346565771	275
0.680766578792128	276
0.660633749195508	277
0.616387027836009	278
0.688744527909078	279
0.697112133185078	280
0.692956094153314	281
0.631150712988123	282
0.657671521200243	283
0.653526522477688	284
0.630723678909458	285
0.72399566372421	286
0.862065642932722	287
0.680371123271326	288
0.695429583526721	289
0.5932496901801	290
0.647580059393569	291
0.598962420295173	292
0.715184477993345	293
0.791049627076841	294
0.507857641495782	295
0.66122909561526	296
0.730472396799453	297
0.539693825888964	298
0.533712036487697	299
0.63676601048154	300
0.624694224872484	301
0.6738707842869	302
0.626120223165523	303
0.704908150140298	304
0.598032363691658	305
0.703934344251071	306
0.70767661734019	307
0.589531253963767	308
0.742727228173547	309
0.483606159958961	310
0.66577535847641	311
0.680404612836903	312
0.711196847034806	313
0.565780115945323	314
0.742636193332408	315
0.6618921883535	316
0.75865945696054	317
0.6202368671351	318
0.604249627217562	319
0.75428328259765	320
0.671000536937257	321
0.533572373153434	322
0.738142462492357	323
0.744723891810525	324
0.671935701227756	325
0.728256955956201	326
0.640919847537275	327
0.707083075048311	328
0.683509135420669	329
0.709462095320216	330
0.698967369075912	331
0.570639123578763	332
0.554837590773363	333
0.665919592407315	334
0.627561373502046	335
0.737401122844785	336
0.728533078944071	337
0.693835788789078	338
0.680809852307341	339
0.653710078670789	340
0.73701376693716	341
0.627483138008261	342
0.819275382915141	343
0.650889855827888	344
0.758286875353294	345
0.506024760801634	346
0.710820680693262	347
0.582374006279175	348
0.550699182171985	349
0.701275737941877	350
0.614267690532602	351
0.568636964153955	352
0.743118458334073	353
0.72658158716238	354
0.64624986097051	355
0.569807026934667	356
0.616331304522073	357
0.635845492384684	358
0.544941104938858	359
0.620381456775992	360
0.600206263931058	361
0.560597347769976	362
0.714065457960827	363
0.630251330690218	364
0.545998371389486	365
0.662174373061941	366
0.659429957260177	367
0.719244113780608	368
0.575759300725754	369
0.588832536110666	370
0.785462788061011	371
0.63088703279499	372
0.609331803930496	373
0.653636600739639	374
0.523305251801316	375
0.600731517569569	376
0.536053310794395	377
0.687048980003868	378
0.67569911869258	379
0.717251735125878	380
0.577638771214278	381
0.689957090771308	382
0.517491717802497	383
0.670325684865669	384
0.632882673948397	385
0.758763054586487	386
0.608064711307778	387
0.706905666805586	388
0.646530864009504	389
0.838999880929044	390
0.683741297481383	391
0.727563045103382	392
0.726641082330294	393
0.714678696651906	394
0.543810186276339	395
0.67566280137849	396
0.66092026787479	397
0.702269506912409	398
0.645104407101923	399
0.581362111433521	400
0.467110033318068	401
0.683227641274447	402
0.737363773521366	403
0.734218390504874	404
0.610351719533607	405
0.647169009271799	406
0.676831982235821	407
0.530493478169902	408
0.664884978094935	409
0.761140181347972	410
0.65459013434963	411
0.748269226257789	412
0.589687271552368	413
0.589598408953915	414
0.667468465484327	415
0.534642823154545	416
0.548447453070883	417
0.715359828153593	418
0.625217771558759	419
0.637860533957628	420
0.727687738279932	421
0.646854101823203	422
0.630405861929289	423
0.549396381281086	424
0.617846842193635	425
0.562478266451602	426
0.60009913134577	427
0.577698462517869	428
0.695507632033597	429
0.662277797700405	430
0.591143751895226	431
0.700967997608177	432
0.691446860697277	433
0.655879588672086	434
0.603947819249478	435
0.605836028793046	436
0.499804472888357	437
0.61079215382473	438
0.649397959592221	439
0.727679203830235	440
0.745943664719792	441
0.63019129224175	442
0.679588057884547	443
0.604237581090614	444
0.54460972719789	445
0.643634821929354	446
0.659682071027225	447
0.633869087878942	448
0.720340960017447	449
0.649141917760104	450
0.675964443969782	451
0.525671896395034	452
0.715631092782956	453
0.750916296664221	454
0.723714390787038	455
0.715317867480868	456
0.565295327119065	457
0.656245944716917	458
0.838477452419995	459
0.73978473580449	460
0.553346967240648	461
0.775869130692821	462
0.580235490060022	463
0.74254656968874	464
0.675282699128849	465
0.659477309586174	466
0.662168338778301	467
0.566956283686085	468
0.748124660658045	469
0.65348102595198	470
0.624904787536605	471
0.665304701212847	472
0.579365654059793	473
0.588371553138054	474
0.56080113420235	475
0.763799617479399	476
0.609065860357328	477
0.483928336613158	478
0.632242420143062	479
0.734403625354865	480
0.506053176679395	481
0.684063587140819	482
0.667495998469478	483
0.687875344957584	484
0.712932423639266	485
0.54581867688863	486
0.785830464467672	487
0.637771955383689	488
0.717205710448176	489
0.668451444974464	490
0.606326844934693	491
0.685778675636451	492
0.672004140902216	493
0.683364417036023	494
0.726729053126014	495
0.765766343988544	496
0.631450118601812	497
0.786235250232538	498
0.666998413987427	499
0.61527376686751	500
0.614921991328159	501
0.721724917607937	502
0.697294812848356	503
0.695757739813341	504
0.714114870285812	505
0.659339417067724	506
0.551749958519188	507
0.623462963582647	508
0.484820172680481	509
0.613886559960341	510
0.652715552383596	511
0.721348867720759	512
0.52520301631407	513
0.570526922457141	514
0.731088983972364	515
0.617650936811785	516
0.661076553833511	517
0.728723250765336	518
0.588687810126179	519
0.483598973221073	520
0.759425671973084	521
0.70172542841144	522
0.571209931893942	523
0.637849662758894	524
0.635559848540463	525
0.556190149521851	526
0.579549018673114	527
0.709817929190448	528
0.707369987684408	529
0.559010355561949	530
0.740738792637071	531
0.577198273453667	532
0.546039988794687	533
0.658490119190647	534
0.559044458700989	535
0.66702016390318	536
0.617976702557774	537
0.64247742128957	538
0.795868456125226	539
0.548291843280539	540
0.684701544087393	541
0.59754764961354	542
0.552712561709602	543
0.609205927914607	544
0.663653678527586	545
0.614842078641746	546
0.681111538747396	547
0.756755984621707	548
0.572557324219089	549
0.597887683326688	550
0.534642153627961	551
0.666951379933837	552
0.652715945174929	553
0.610153893843239	554
0.58486504099751	555
0.599460015856118	556
0.552183971192232	557
0.61448113372418	558
0.631159191536041	559
0.521461658205719	560
0.793589631411931	561
0.633376887091891	562
0.69137899252844	563
0.674933502410048	564
0.593357824149011	565
0.566297633938417	566
0.720768204475879	567
0.667969691085075	568
0.665090175662559	569
0.619080735911338	570
0.619994951973304	571
0.597595948564512	572
0.605001085994297	573
0.712381180554715	574
0.631957146999484	575
0.718560302317266	576
0.631354559827419	577
0.641791438224988	578
0.702278700025855	579
0.640617730971209	580
0.692143795017418	581
0.605617159944242	582
0.604754437056242	583
0.597830857372462	584
0.756355377258367	585
0.626975781145888	586
0.588093469780637	587
0.507317323542348	588
0.701828397792421	589
0.61652039175705	590
0.713798566823144	591
0.622857609727507	592
0.593426020161688	593
0.615510304139352	594
0.736233852970085	595
0.765617499786898	596
0.678081201853005	597
0.477249996949723	598
0.69607856469073	599
0.670028168934896	600
0.723334908775993	601
0.544821823180111	602
0.691682020732971	603
0.570776430997928	604
0.607568708741737	605
0.629513804676834	606
0.587785776699424	607
0.717071946862865	608
0.637642216024087	609
0.64303511012194	610
0.553840137299857	611
0.696771541166497	612
0.456570924632052	613
0.54399018770036	614
0.539968251281163	615
0.547521770879439	616
0.663458833959973	617
0.562792680461571	618
0.570008194537517	619
0.644165234601193	620
0.695070900489331	621
0.542179845149413	622
0.773831658489662	623
0.455708562240486	624
0.703360384233927	625
0.682506677149903	626
0.690374363773846	627
0.645335146262796	628
0.664511275509488	629
0.711421986170122	630
0.72822737156368	631
0.660897385409005	632
0.638808283027209	633
0.740015644401367	634
0.648934488495275	635
0.600062412500238	636
0.545423693768119	637
0.679905967893576	638
0.63812283978031	639
0.635481438524465	640
0.498354231255771	641
0.796234583223166	642
0.560217180372596	643
0.667594472521026	644
0.705261149394381	645
0.604578137494154	646
0.612759554493004	647
0.655918419146597	648
0.667922632717057	649
0.640506703368918	650
0.750965948575994	651
0.447951760399062	652
0.661865291715582	653
0.740754021180116	654
0.743805879887659	655
0.620683977718879	656
0.694120456566776	657
0.502527668455941	658
0.669194943268874	659
0.523163184536691	660
0.699671689548454	661
0.482127085777793	662
0.61206099892332	663
0.787752777994876	664
0.618057299108473	665
0.677667957330503	666
0.642313943379929	667
0.756434105731766	668
0.440423248119314	669
0.760125922068877	670
0.71808186582517	671
0.643856479056725	672
0.618724014899617	673
0.711435208859247	674
0.527149634840682	675
0.664192956350456	676
0.468510944531158	677
0.666693887920932	678
0.604328516924662	679
0.639831472231875	680
0.68288229222435	681
0.585339272438632	682
0.638816642261764	683
0.482359771294626	684
0.76343687327238	685
0.670143359509832	686
0.480125339845128	687
0.695378998023355	688
0.710249534261336	689
0.652970022258772	690
0.674099396748245	691
0.681105693527303	692
0.649610469644017	693
0.659427318401549	694
0.573126979562515	695
0.666874413457553	696
0.729342497315968	697
0.624544011632344	698
0.712261122277774	699
0.56928846072601	700
0.715420746533815	701
0.794182970795044	702
0.610486688733332	703
0.740597096108972	704
0.504805398689341	705
0.669377716403668	706
0.595158053451751	707
0.622101407269388	708
0.651584140401967	709
0.793973088592821	710
0.605244757115766	711
0.785416930409316	712
0.615217645504866	713
0.695979616641818	714
0.678959558877882	715
0.773439291583477	716
0.550538299120003	717
0.624379813844438	718
0.581004750731384	719
0.586438685571039	720
0.690278087627776	721
0.638692056381757	722
0.510474145425556	723
0.475033045441501	724
0.816130037828133	725
0.661695246946713	726
0.693167011167689	727
0.608924383574973	728
0.615613004546959	729
0.737117671147708	730
0.661593750410577	731
0.54729730359506	732
0.59918133514585	733
0.712562161011572	734
0.703288892767599	735
0.636801074762373	736
0.7685627532	737
0.616994832397678	738
0.640789822513777	739
0.701854985593308	740
0.642609380140107	741
0.570426459558704	742
0.739065086630701	743
0.542516105579686	744
0.65851707424902	745
0.536422680678219	746
0.628530710564784	747
0.674544446073338	748
0.672822160089058	749
0.700020053392254	750
0.561882927079126	751
0.600800998690615	752
0.461028565583827	753
0.560953461618494	754
0.505450535830281	755
0.567715520517512	756
0.580051345256464	757
0.632871326379987	758
0.750916860269626	759
0.701593001628831	760
0.616403481647769	761
0.628279536153502	762
0.78875839055875	763
0.742980472608088	764
0.576674039153783	765
0.628521531127103	766
0.743729126499992	767
0.635603744482242	768
0.559144093944536	769
0.716694625873728	770
0.579031395767369	771
0.576607980055373	772
0.666642184232405	773
0.755134259834572	774
0.609068080707744	775
0.558562793522371	776
0.569378229500639	777
0.619313666270143	778
0.888968079166408	779
0.536537542505178	780
0.502582842785063	781
0.736180230700184	782
0.571390481912843	783
0.743181094806265	784
0.643597741048021	785
0.649967696544795	786
0.573232206860052	787
0.654108868469735	788
0.736463061934317	789
0.546071373368522	790
0.548470467698157	791
0.703680762652725	792
0.526363566645742	793
0.689365449094063	794
0.735901596441796	795
0.668617865695932	796
0.498049466771198	797
0.634094528765793	798
0.655694370807276	799
0.631903401306753	800
0.642725749874332	801
0.674167898969115	802
0.663752407296571	803
0.58480642905236	804
0.588499466836678	805
0.703455415687735	806
0.693470741956158	807
0.669995371077648	808
0.60112873559544	809
0.630965446951065	810
0.588508052290596	811
0.534902556960632	812
0.825904610886721	813
0.714584261454882	814
0.577543102484315	815
0.634662263239842	816
0.618113132434598	817
0.57713116290198	818
0.760142429453877	819
0.647992764916618	820
0.823759439994168	821
0.620474428087146	822
0.676624769919563	823
0.595980516057106	824
0.736946398633871	825
0.671488136240686	826
0.721637609769982	827
0.722360467388413	828
0.61289866964535	829
0.553837748449626	830
0.71823309712546	831
0.702730293360074	832
0.521522918663129	833
0.43938516446899	834
0.636697283562866	835
0.681780790384492	836
0.659396727034276	837
0.653164390600857	838
0.723397772653513	839
0.577270483505286	840
0.654127889339108	841
0.571343273428286	842
0.666475592794484	843
0.612409918457135	844
0.783357807209163	845
0.595456167931326	846
0.652237521962401	847
0.672233950135464	848
0.703088265296006	849
0.747110820413682	850
0.757136810527857	851
0.823019320212748	852
0.713800557666534	853
0.704440832721149	854
0.736135503813901	855
0.651189905963864	856
0.659915212281881	857
0.649809690197197	858
0.646826270918935	859
0.718602003310611	860
0.607284363484152	861
0.691722443836062	862
0.610304551310236	863
0.603935732110227	864
0.619680945388094	865
0.691604787411736	866
0.811312125261124	867
0.591432286304958	868
0.584356518696875	869
0.631248208320297	870
0.810461454972415	871
0.529111622269511	872
0.605307669352887	873
0.732492251488052	874
0.686706813553786	875
0.834270759090358	876
0.504759005975341	877
0.634124000647597	878
0.668400200045085	879
0.733373486422882	880
0.707566599589179	881
0.503719625129705	882
0.686606415301077	883
0.687662069075096	884
0.606039634102917	885
0.670385305491359	886
0.707992624902548	887
0.65808574516283	888
0.662543522101616	889
0.604072730363297	890
0.695596258993974	891
0.587400482000394	892
0.611668910111504	893
0.586201552838476	894
0.728302576984775	895
0.689409159993256	896
0.698622855397853	897
0.55634121725934	898
0.649260799455995	899
0.607780258432248	900
0.658577721932965	901
0.533891355334821	902
0.460287653887419	903
0.65445991717869	904
0.672798503301303	905
0.699950412194313	906
0.575030947714585	907
0.657630536084355	908
0.608514036052717	909
0.485315874964383	910
0.787229354539581	911
0.602688455108532	912
0.69007286384866	913
0.629585333846236	914
0.582798297341207	915
0.569779783179921	916
0.656061598323444	917
0.607388490874971	918
0.740547060782967	919
0.698569418730068	920
0.617011767677241	921
0.509926654724496	922
0.517879543889269	923
0.762794628841639	924
0.722609271044525	925
0.534038770357495	926
0.647070723624071	927
0.538153710581297	928
0.626656832672613	929
0.574131846150992	930
0.638524631661906	931
0.715647066764419	932
0.733901592770044	933
0.582911258015453	934
0.555199915594815	935
0.525687849450322	936
0.657190308465993	937
0.628450886920748	938
0.578883567364496	939
0.710910130132409	940
0.809429683675297	941
0.700127270206087	942
0.640447334172648	943
0.468660557593596	944
0.700590368734728	945
0.585515966700623	946
0.642797068321806	947
0.65374736111961	948
0.632298498512462	949
0.624880879575852	950
0.746511928371364	951
0.561605434281167	952
0.583762561978314	953
0.795256886685003	954
0.654973900282272	955
0.60629064147862	956
0.616490381827911	957
0.618706603975129	958
0.660127557785883	959
0.768630076118934	960
0.671245908547295	961
0.738218857832745	962
0.593543812323836	963
0.628777334100358	964
0.631610062431267	965
0.58099605929535	966
0.655174527101058	967
0.470212496625272	968
0.573521345458615	969
0.638488905351542	970
0.782685702409632	971
0.629169621056884	972
0.635353812771081	973
0.659592460140851	974
0.719675404995713	975
0.626126749945716	976
0.688680124822722	977
0.445753898634203	978
0.592673923143485	979
0.579751768252854	980
0.600455147007059	981
0.588071736868331	982
0.642820701634372	983
0.553764487848997	984
0.591373990520991	985
0.58531888840198	986
0.657968883771407	987
0.682380805044851	988
0.643690320141443	989
0.607455281700543	990
0.667610264869414	991
0.54104383702775	992
0.604562993559499	993
0.694180081368949	994
0.737223004410451	995
0.516673165393698	996
0.682053633816547	997
0.639203424803078	998
0.497463495470812	999
0.591366441145089	1000
