"ASR"	"iter"
0.402545431641296	1
0.449748629849362	2
0.371282681209802	3
0.361536071529136	4
0.347676766546433	5
0.361700891914904	6
0.532438388459344	7
0.407435147760094	8
0.374497281538711	9
0.382353499851382	10
0.386903364359239	11
0.418937688385777	12
0.351207066286182	13
0.388206021707137	14
0.358005424512216	15
0.397690184634235	16
0.558427945065782	17
0.490818928949087	18
0.346290450193073	19
0.386390482652485	20
0.394533644734063	21
0.460351811375514	22
0.4924451038639	23
0.435227386560869	24
0.454937572236085	25
0.402394076389782	26
0.383871021732942	27
0.410409054127948	28
0.324930670116077	29
0.439074073492701	30
0.499496319812317	31
0.484195295313222	32
0.288547182605407	33
0.371821541269605	34
0.395635270092291	35
0.325444573170877	36
0.369567704424708	37
0.424007476071014	38
0.296726400964319	39
0.319611525661717	40
0.37970100751585	41
0.355530129888179	42
0.361873980014881	43
0.524901718524284	44
0.415836785909055	45
0.402897635805503	46
0.379999529275946	47
0.344729171367766	48
0.350491523637115	49
0.397038320859732	50
0.355238667708826	51
0.42285431591237	52
0.409307662689981	53
0.359936810783599	54
0.419288783034224	55
0.422717071485662	56
0.44921755232964	57
0.339896111955611	58
0.350557305837922	59
0.497922989263528	60
0.326790433737711	61
0.313512754915911	62
0.333997658848107	63
0.376820376549956	64
0.447484028772178	65
0.371978286648512	66
0.294266950160585	67
0.329207893311556	68
0.418988843380237	69
0.361093850120025	70
0.375979482810714	71
0.434674125133166	72
0.439868948648676	73
0.406227330225265	74
0.365199016933218	75
0.530241764863667	76
0.393438900066368	77
0.416649899603445	78
0.413544023557548	79
0.366585556965686	80
0.374404401319639	81
0.3928616338653	82
0.377473418486547	83
0.314789053396322	84
0.389494517460713	85
0.405729801539747	86
0.356201750390245	87
0.361381909069134	88
0.423334094553143	89
0.329272912158196	90
0.388634292325533	91
0.408647115747058	92
0.397950350991426	93
0.381698032677051	94
0.450695701830942	95
0.29941716102738	96
0.334177397222061	97
0.423921546131041	98
0.442216209329392	99
0.340665768306278	100
0.321204380406777	101
0.435893879288156	102
0.490942104263887	103
0.460247351364011	104
0.346633974203327	105
0.445513631885676	106
0.434381058028905	107
0.480840598291433	108
0.443642324035353	109
0.414018522690003	110
0.48934754556093	111
0.348611675737221	112
0.377032469262503	113
0.353759639640877	114
0.466232065576975	115
0.278780634130295	116
0.381072735521426	117
0.338005381880692	118
0.358778075369439	119
0.328074113075316	120
0.402240311724428	121
0.392000771934574	122
0.356358246134686	123
0.397916521699925	124
0.392553193429885	125
0.370116768455374	126
0.422507261290835	127
0.430847979219057	128
0.396176075458903	129
0.348538120232066	130
0.386037814220762	131
0.388927144593279	132
0.396092108727274	133
0.297361419026632	134
0.417258552179773	135
0.407969050139385	136
0.38131791302224	137
0.418502183046734	138
0.396940887825614	139
0.34725810008841	140
0.428503706483695	141
0.321718702669038	142
0.375518877164947	143
0.400095054872668	144
0.40502683642255	145
0.364491165789545	146
0.334686996835082	147
0.452399878106317	148
0.427389912893667	149
0.453336335979564	150
0.32455939855501	151
0.32307476725092	152
0.43166528601991	153
0.450103786222584	154
0.436987409006657	155
0.359794817672846	156
0.380151303394187	157
0.417363870204604	158
0.335582032683843	159
0.34342853152077	160
0.391991343474064	161
0.398956691504528	162
0.359202755999721	163
0.35649177951577	164
0.479300240970877	165
0.347508533760115	166
0.34329031783045	167
0.343068032803418	168
0.382170764318817	169
0.38087977693531	170
0.381885925787105	171
0.430489402609061	172
0.313973153232781	173
0.346131595006251	174
0.378161023190358	175
0.377486082777371	176
0.329356992662474	177
0.386527405852159	178
0.393985390372802	179
0.380516559829337	180
0.404086241445107	181
0.382416279614793	182
0.510994730010324	183
0.465117577510266	184
0.395855350534793	185
0.410660906149354	186
0.399703872599676	187
0.401471423583918	188
0.415389516948728	189
0.385105804392417	190
0.329519443286577	191
0.455743186483015	192
0.30207012889085	193
0.282627319891903	194
0.3686371744123	195
0.402844204075948	196
0.324376575779518	197
0.359868729352546	198
0.420316336613965	199
0.437840151113105	200
0.430494949371239	201
0.30690169469791	202
0.35289324040699	203
0.376460457682258	204
0.397283695360742	205
0.352319794863252	206
0.402413999284933	207
0.32259208594587	208
0.298656179224173	209
0.540133178693397	210
0.419314231167799	211
0.427931161292105	212
0.299127977413199	213
0.233083506864235	214
0.366016069948885	215
0.322323296876263	216
0.331538943644549	217
0.335457295990407	218
0.526419434698542	219
0.336733666530095	220
0.368947303210664	221
0.38605884756863	222
0.411878063341543	223
0.418895438497638	224
0.38348292157054	225
0.343369919250137	226
0.331396453064532	227
0.362712163865539	228
0.345791672085589	229
0.406041083110063	230
0.357557775473935	231
0.358165362140749	232
0.255437222614336	233
0.400810678025992	234
0.373711711881281	235
0.430738501361938	236
0.383059484292376	237
0.43184818206981	238
0.321985479878318	239
0.367451730337829	240
0.403678738374348	241
0.289184866799575	242
0.405997260224466	243
0.373052427836782	244
0.401128886345353	245
0.471871323693348	246
0.363695824218816	247
0.426242738903446	248
0.312391988696809	249
0.227673061595496	250
0.436385224985296	251
0.363154237999061	252
0.33916382999214	253
0.334664075630266	254
0.353678005183289	255
0.465094204161249	256
0.377104016796219	257
0.41953137595962	258
0.513544244769796	259
0.397462317923777	260
0.371840008848127	261
0.366827598210352	262
0.475913114893209	263
0.350495605542196	264
0.399364734212108	265
0.353553700604336	266
0.327386038222388	267
0.3946366551146	268
0.395910643925494	269
0.50274201968382	270
0.387089695286128	271
0.369450519876182	272
0.389932118353868	273
0.357498903475551	274
0.326330627729507	275
0.314794737065351	276
0.3897008848436	277
0.423179022417994	278
0.363804386954049	279
0.405860779439811	280
0.386053563066467	281
0.344103570614347	282
0.386333531827253	283
0.486431678964427	284
0.437459557067705	285
0.416101135918857	286
0.39565019020012	287
0.467399559873229	288
0.386320379702104	289
0.403070469557183	290
0.367785460670292	291
0.405315203021339	292
0.299831542650347	293
0.380864670301005	294
0.430197094766014	295
0.383243696534507	296
0.367594597321576	297
0.354990024456259	298
0.410681241649706	299
0.333238098324582	300
0.378153496600866	301
0.342150853124956	302
0.424951188387675	303
0.344395173484715	304
0.306412624586628	305
0.359611164003676	306
0.378230705957731	307
0.495839783752487	308
0.327437475112307	309
0.373494333906192	310
0.412453997179156	311
0.314510044121443	312
0.347837026541595	313
0.344742904603812	314
0.469494117502226	315
0.353598458782403	316
0.398335828314546	317
0.407562769716458	318
0.350229336256576	319
0.300974251736113	320
0.458674064943841	321
0.388276168156067	322
0.349232997009459	323
0.28323630708274	324
0.353334211912505	325
0.314040563347643	326
0.277150870763367	327
0.377397622260374	328
0.404089444953879	329
0.412019249438582	330
0.357364541087495	331
0.382251809397474	332
0.404721842230041	333
0.358770497626431	334
0.423234357099409	335
0.295369477700106	336
0.475843564108849	337
0.407985398242555	338
0.289595444927089	339
0.507965458728908	340
0.428531910677865	341
0.388626918392256	342
0.371393961716243	343
0.444942902817806	344
0.344077563651036	345
0.356800352606058	346
0.417480382446485	347
0.324440239373346	348
0.392993658683509	349
0.319253229239858	350
0.420219880934174	351
0.461227994702006	352
0.429024986717301	353
0.515620203418275	354
0.466852998877403	355
0.391796826825566	356
0.374458431021642	357
0.348072936579643	358
0.426062899063076	359
0.369869897864884	360
0.413589265171239	361
0.345715747971583	362
0.410226155062622	363
0.294923217297664	364
0.385548192637439	365
0.310055077443064	366
0.320608851252231	367
0.510994910361098	368
0.384409959824481	369
0.291701486592149	370
0.335590048424873	371
0.392078750554237	372
0.398286809750518	373
0.482248314754959	374
0.404437549770122	375
0.45667001665389	376
0.423495295741718	377
0.346907981562072	378
0.40942573972304	379
0.386962188001956	380
0.385647347506892	381
0.444281340068164	382
0.472380856439405	383
0.369443814733389	384
0.408142625491857	385
0.470428662851589	386
0.315076387522918	387
0.350839420639433	388
0.426080012004749	389
0.339886197163891	390
0.358315957689052	391
0.319430915860517	392
0.409492244441042	393
0.457368275675364	394
0.429807997677009	395
0.439771107873317	396
0.417942303445871	397
0.379898131949092	398
0.396026265812635	399
0.384379100955705	400
0.317250162768573	401
0.387781780237442	402
0.438405911760186	403
0.499505951532573	404
0.399577123793779	405
0.41390127949666	406
0.392421383553393	407
0.403983066903633	408
0.393509494835684	409
0.366691203322757	410
0.356047926588465	411
0.408837034761296	412
0.303764404289113	413
0.341134542203546	414
0.33179171044957	415
0.378952193221908	416
0.337753925796497	417
0.423966108424996	418
0.356686359189807	419
0.377511279185109	420
0.357155518902629	421
0.338725865340475	422
0.435012687231683	423
0.30801601337357	424
0.40605352199223	425
0.38532354214289	426
0.327266657636549	427
0.453822949906822	428
0.454398343114622	429
0.384968138337057	430
0.382215452436956	431
0.396035122296053	432
0.394449781735309	433
0.42555472687498	434
0.341548087553848	435
0.441993148874964	436
0.412823018784802	437
0.382745013350589	438
0.301341420379221	439
0.445351789540165	440
0.392952014503903	441
0.465640093006384	442
0.44778267325894	443
0.37033327785552	444
0.464103519011411	445
0.306480886660327	446
0.384445477613797	447
0.430596047896897	448
0.346356776334356	449
0.50092359563282	450
0.398147942384668	451
0.335274662697997	452
0.344703384878685	453
0.429044561947629	454
0.44852960376688	455
0.415520238683902	456
0.33108530211695	457
0.412572665597122	458
0.410489422957086	459
0.48644280218572	460
0.442779353000888	461
0.392988345245605	462
0.393316430136832	463
0.389548136666301	464
0.39879306914289	465
0.341196764718934	466
0.349427403447455	467
0.326182023180055	468
0.372687934140708	469
0.437217356448195	470
0.384546475917465	471
0.280747584594295	472
0.425926871878098	473
0.398557650007263	474
0.437631753005525	475
0.467657824774343	476
0.374663555015555	477
0.378289574387448	478
0.428832678944827	479
0.430852242563923	480
0.357008112178216	481
0.320474020153346	482
0.272684639274561	483
0.498338922423595	484
0.387776997754629	485
0.409789292454054	486
0.41383193453899	487
0.429300747902381	488
0.350450667028686	489
0.368402588152277	490
0.364118149934461	491
0.364615190557304	492
0.360637780279965	493
0.453975098285765	494
0.408261711108417	495
0.401012898453745	496
0.391417488573779	497
0.452268114051767	498
0.391824273131911	499
0.524745982177568	500
0.361320274806724	501
0.40373985011654	502
0.409898132476506	503
0.405057897799831	504
0.373842163121435	505
0.40043537508442	506
0.431033852974277	507
0.394880881105092	508
0.354207129905818	509
0.344058199860131	510
0.43341941349034	511
0.371368704056946	512
0.405263760955446	513
0.484101150363341	514
0.39482846741584	515
0.358869232030826	516
0.417668556275662	517
0.369853820236358	518
0.324580264625362	519
0.485298488679434	520
0.368391093642165	521
0.363449632062938	522
0.406271777619117	523
0.350958539685535	524
0.417555262357752	525
0.365651273990393	526
0.4429615557859	527
0.352577695908802	528
0.3753560557239	529
0.379015848945591	530
0.432484548452494	531
0.339668097772406	532
0.350129063833303	533
0.297295217419641	534
0.33168240402959	535
0.330875927355359	536
0.43161397501995	537
0.406065341524627	538
0.365267073965889	539
0.36155915698078	540
0.363368715514664	541
0.446253858830521	542
0.337782748010258	543
0.39607092163798	544
0.449347065843703	545
0.394521351838417	546
0.407368983458739	547
0.437658349254156	548
0.329573912910849	549
0.410794863919111	550
0.373460494540275	551
0.416943891241667	552
0.237298844482197	553
0.415998950218958	554
0.357214121639718	555
0.376630267987084	556
0.417828822613083	557
0.507430254736102	558
0.380400354708715	559
0.361267851989599	560
0.388925682246485	561
0.375909056287581	562
0.276851072643375	563
0.372003559045	564
0.451564404612899	565
0.432323925415392	566
0.447042237622508	567
0.422645704487593	568
0.429557075670294	569
0.425093715220453	570
0.297597133611876	571
0.411208564382284	572
0.439327364323724	573
0.393276034696909	574
0.361072676325362	575
0.465550048937603	576
0.368853708391315	577
0.32908643680488	578
0.416344509879878	579
0.430653599416108	580
0.465036621440957	581
0.433350308498714	582
0.438217003548818	583
0.454915234078296	584
0.353988180013319	585
0.35546755805687	586
0.289453449983428	587
0.394796352788274	588
0.323456093588524	589
0.398394690331969	590
0.359441566848541	591
0.424027771645926	592
0.532102671976101	593
0.31219226763936	594
0.409588005004435	595
0.480156639902587	596
0.401388386936232	597
0.433581712226475	598
0.387872657503184	599
0.425218760166518	600
0.343182519177533	601
0.357422812373998	602
0.358619600659294	603
0.330130651064091	604
0.294327377375227	605
0.371856370790209	606
0.367701528731082	607
0.304316333656014	608
0.473633105535033	609
0.346864820244875	610
0.294917687601316	611
0.337535717820179	612
0.457600120900299	613
0.358296722763117	614
0.390980500476723	615
0.415797069220324	616
0.345485136673273	617
0.366674167823657	618
0.456295514135016	619
0.4421467227152	620
0.311851839689171	621
0.461894456751288	622
0.345955204276011	623
0.334623210843409	624
0.408219877449084	625
0.370146190462092	626
0.303795183997086	627
0.302530550932763	628
0.394769876218204	629
0.371868065149164	630
0.427868388877593	631
0.374887856392911	632
0.270580384640064	633
0.34777914483643	634
0.392980470183347	635
0.346816089885805	636
0.428737504649518	637
0.395908825220367	638
0.378814178286943	639
0.376848666623067	640
0.32907534108341	641
0.489997963323264	642
0.417219367325263	643
0.36063688636797	644
0.420563139477334	645
0.314141172382121	646
0.318811701673071	647
0.350170696414933	648
0.366852045391696	649
0.398612069243738	650
0.408623153422521	651
0.318944363169058	652
0.336421706022307	653
0.386008949924096	654
0.469369792952838	655
0.346786736963989	656
0.374550750279023	657
0.321060635957928	658
0.309629904009834	659
0.453302454504092	660
0.40346174331556	661
0.353085922839711	662
0.41968453754448	663
0.369182114218755	664
0.392713786019978	665
0.403942025483778	666
0.336734483192942	667
0.428950466170719	668
0.348609676911538	669
0.432841621526172	670
0.267623234564373	671
0.340831097485109	672
0.392258218117832	673
0.346585463955265	674
0.429794633539358	675
0.422256003815884	676
0.387336105946706	677
0.40363641829271	678
0.366040487722497	679
0.387302711171832	680
0.365730519956077	681
0.377904276730028	682
0.312073851553162	683
0.401681939954824	684
0.385828783619397	685
0.421829098751874	686
0.391896880317558	687
0.367101280307666	688
0.454243966053974	689
0.419637729590716	690
0.421183864152803	691
0.44381477097319	692
0.439152624291969	693
0.373450581529037	694
0.426945259608049	695
0.430279629396715	696
0.414853214357437	697
0.442103508383493	698
0.466073002240761	699
0.428633757430242	700
0.261105182639406	701
0.341388188081105	702
0.352563769548557	703
0.27096933578122	704
0.387063615756158	705
0.331418802547324	706
0.385119299600357	707
0.319252801643481	708
0.34276614322594	709
0.37074842907096	710
0.413060673394443	711
0.277872711267581	712
0.438687105741342	713
0.381221407661707	714
0.404247075890156	715
0.389113330673193	716
0.413725798758711	717
0.432337669226354	718
0.367704134623378	719
0.433087553055447	720
0.455046087052375	721
0.398945305433301	722
0.434989129002155	723
0.416314152222596	724
0.325518604272365	725
0.423906564472583	726
0.369838625485575	727
0.34595498481557	728
0.425601239334724	729
0.270430206071539	730
0.404394260857019	731
0.361373243051851	732
0.343918657656507	733
0.315198064078832	734
0.486982560352698	735
0.469757958797745	736
0.178842131825687	737
0.356485575448362	738
0.444171966572242	739
0.390568289873045	740
0.470764456465036	741
0.396366795370468	742
0.432743705945794	743
0.307118947745206	744
0.49965930212197	745
0.465565564422191	746
0.367212113781308	747
0.409991389420998	748
0.434798706263633	749
0.366002556290384	750
0.333567419607147	751
0.3382259907629	752
0.305603449512736	753
0.413548051410185	754
0.303266677737854	755
0.422022709071146	756
0.373511621417645	757
0.433352604340559	758
0.377398600003641	759
0.303592384391538	760
0.398877829833294	761
0.384363276937335	762
0.45519048001831	763
0.393503054328236	764
0.359540249561688	765
0.431002250843272	766
0.268666621608665	767
0.430519570531186	768
0.34745559029491	769
0.362375820158575	770
0.518069243980117	771
0.411159564707756	772
0.449876288147146	773
0.429459721299328	774
0.423853525889613	775
0.3970379362017	776
0.493086523029271	777
0.43022774394325	778
0.348141516632913	779
0.296746891753634	780
0.353556331838653	781
0.361956039139809	782
0.439976617923511	783
0.436929210776757	784
0.487770772390632	785
0.415274521665954	786
0.314471817318441	787
0.363629578497867	788
0.392559472858701	789
0.458073409225593	790
0.436689063731612	791
0.432315163353981	792
0.344204190161595	793
0.395487594673489	794
0.392892435753041	795
0.406238176636631	796
0.409312615174037	797
0.371052799664175	798
0.339824654523641	799
0.418917092368461	800
0.392546242583663	801
0.396779809084329	802
0.395942314984652	803
0.378132440973417	804
0.421555536702018	805
0.454336782860664	806
0.373736476107953	807
0.337784800698041	808
0.373111617425411	809
0.278137467274311	810
0.423531231529743	811
0.386294729737902	812
0.411798032391829	813
0.43477094612972	814
0.420248249412214	815
0.419301300023171	816
0.352608876075281	817
0.297052812753161	818
0.376734346577628	819
0.309756658605954	820
0.424463963373824	821
0.332468283115182	822
0.332082428040091	823
0.461632687477233	824
0.343829684257631	825
0.414721779339161	826
0.405798608986632	827
0.412014056270425	828
0.353663864474966	829
0.319007491502828	830
0.316555710122286	831
0.484060606408062	832
0.417522045602795	833
0.378706495561088	834
0.377769605674811	835
0.265673230241399	836
0.364346871935039	837
0.44843161964578	838
0.413385852414671	839
0.385262445838896	840
0.428254306191658	841
0.33859633530387	842
0.401642927103718	843
0.366659603649512	844
0.298223018166521	845
0.437374848457462	846
0.327236104588981	847
0.422212189760003	848
0.307012911896994	849
0.339510467363627	850
0.501198838717861	851
0.438441349733425	852
0.463083201692487	853
0.413959360049122	854
0.419431714076865	855
0.469294692345516	856
0.439890021411233	857
0.513370729223717	858
0.364653381909025	859
0.339821223960142	860
0.357451956521815	861
0.299395000121386	862
0.329169272548389	863
0.3700680544171	864
0.438967267035004	865
0.432947370181428	866
0.450392276401221	867
0.415168655008355	868
0.405523078212348	869
0.454432707547268	870
0.298324173453454	871
0.310821747634298	872
0.416700115842714	873
0.354372473196077	874
0.414851381092819	875
0.241032291719746	876
0.312620422912675	877
0.390860437022316	878
0.397638669122332	879
0.353137313487304	880
0.426734517522168	881
0.359196729709765	882
0.399655493570003	883
0.407272028775508	884
0.394615294842995	885
0.389466047047833	886
0.321324001778378	887
0.361077168509057	888
0.302690420842877	889
0.416411033414472	890
0.512823836160768	891
0.477507983191196	892
0.360273774747472	893
0.411998099957842	894
0.423580703595297	895
0.31823213081464	896
0.457965976715545	897
0.370784983393127	898
0.372807269350037	899
0.346313928536713	900
0.412444929163734	901
0.457311730548068	902
0.458056130988121	903
0.426762440735985	904
0.312917253944682	905
0.392561698953793	906
0.389164621686836	907
0.369155851176767	908
0.380132674434814	909
0.445458138375226	910
0.488262502563871	911
0.427930064103456	912
0.325583631329311	913
0.352578898009529	914
0.403180905106215	915
0.419344837910433	916
0.451886598994663	917
0.436399524350313	918
0.343397779405924	919
0.386608252980693	920
0.416216403580368	921
0.299676871101508	922
0.419032307618745	923
0.449509254620886	924
0.311986221383079	925
0.312961934496945	926
0.36999593412875	927
0.345347053374615	928
0.345718765630778	929
0.40638915884266	930
0.367583421167375	931
0.285334694761785	932
0.329858103590821	933
0.396424948754015	934
0.219359459279119	935
0.352421177418817	936
0.410055913563759	937
0.426203189170333	938
0.379694991486503	939
0.336357476723839	940
0.402907764346969	941
0.383313558571784	942
0.32754107199389	943
0.387126598291457	944
0.332157940715104	945
0.50724497213508	946
0.343791824939728	947
0.456394518998255	948
0.356391167821139	949
0.421046167082533	950
0.346796276352871	951
0.407272309568011	952
0.385695725087164	953
0.307468491230197	954
0.305964191868201	955
0.383018091582932	956
0.371169272195808	957
0.364061752657017	958
0.386615663944473	959
0.37941446568926	960
0.379482066885826	961
0.294970408224197	962
0.379282341494182	963
0.33131242767048	964
0.414936426238639	965
0.427543896004662	966
0.348719012820017	967
0.410031902352595	968
0.459405151881129	969
0.311949247980088	970
0.391694167871804	971
0.373243882693969	972
0.430040184071758	973
0.295971381581815	974
0.316813200334675	975
0.422912869617276	976
0.297278428974286	977
0.309684470534985	978
0.340638411441388	979
0.370038714034432	980
0.437015528608371	981
0.337222894674439	982
0.320835331901162	983
0.387629305715821	984
0.324376848295415	985
0.394637542081551	986
0.373361567808159	987
0.482055169479307	988
0.354211453381769	989
0.418027048408045	990
0.365252879037232	991
0.428260087986312	992
0.305337899512421	993
0.371225765133625	994
0.342871004709962	995
0.373205393591069	996
0.428178104453898	997
0.418703830593071	998
0.437090169018559	999
0.425835869193129	1000
