"ASR"	"iter"
0.492411175892537	1
0.474036882371044	2
0.331986426685481	3
0.402711382612056	4
0.427140015262789	5
0.301709415520946	6
0.494237643701161	7
0.241220363443361	8
0.396940402022155	9
0.475620703419847	10
0.336001255530548	11
0.538728773084457	12
0.280483533051419	13
0.124297082358143	14
0.439690265224772	15
0.20788929343344	16
0.289828921572388	17
0.355951171205742	18
0.355504686093803	19
0.379263138332982	20
0.497708327180619	21
0.537451056754656	22
0.456001410578482	23
0.449014404698019	24
0.387055997604512	25
0.311661594578482	26
0.416309683372073	27
0.389710111281553	28
0.551376511462254	29
0.154704673644718	30
0.718786805822488	31
0.446430008846217	32
0.476611929568994	33
0.187232461532455	34
0.318155606983573	35
0.282408076727769	36
0.319381756858273	37
0.702447371149843	38
0.437532286649128	39
0.569847658623194	40
0.368015721052866	41
0.30083684791689	42
0.379297239210607	43
0.462598663766755	44
0.324858597843579	45
0.311471800858777	46
0.530855211412647	47
0.33043218525598	48
0.613220048328828	49
0.549834553516916	50
0.327165442537366	51
0.516186350965144	52
0.434717105083191	53
0.390232572557551	54
0.391852526326668	55
0.656300071267176	56
0.429142176690594	57
0.433652595021847	58
0.387126206057197	59
0.394742420230052	60
0.477886522002357	61
0.451300607921378	62
0.479566693953504	63
0.562005984651009	64
0.154697595727615	65
0.473344833081041	66
0.383208782120006	67
0.325255216529836	68
0.200747023870349	69
0.41417669276468	70
0.328183189349716	71
0.44480326084814	72
0.247088093839704	73
0.419503187351259	74
0.50369938083708	75
0.195566198021731	76
0.577320453960559	77
0.491092210512101	78
0.471414371437813	79
0.389357946926456	80
0.435710672433892	81
0.371898841034144	82
0.521574420947373	83
0.737656581422344	84
0.319605717149477	85
0.475995191841176	86
0.402072216735955	87
0.194164736127366	88
0.692758928860715	89
0.143225638068107	90
0.350199871722066	91
0.439973007961569	92
0.564596698979336	93
0.403797550326675	94
0.594841542558456	95
0.310554884854769	96
0.521654914466751	97
0.241558210410197	98
0.415161558640538	99
0.331394533882666	100
0.292325877399857	101
0.349211908253288	102
0.429508841399035	103
0.44685744334497	104
0.539581124892591	105
0.476209958320787	106
0.521113713800975	107
0.0777694452641736	108
0.311180203435931	109
0.559216612773457	110
0.36908404738906	111
0.140117708198944	112
0.27901465165904	113
0.438699850941109	114
0.569669957819893	115
0.54246346302693	116
0.491645392809473	117
0.262389168580964	118
0.483358919616577	119
0.529725908423123	120
0.446505176539753	121
0.648290366260214	122
0.230202135143047	123
0.429335289217415	124
0.571038066355518	125
0.466391501343994	126
0.555976796998826	127
0.414102194304542	128
0.430803042510954	129
0.609642699453296	130
0.471428539664608	131
0.656872803649506	132
0.530554491614366	133
0.445681040729217	134
0.270547234263367	135
0.414779892180896	136
0.567389061419526	137
0.445368705697338	138
0.384839781269389	139
0.299581678332152	140
0.558821208669771	141
0.337455008091813	142
0.308022136968071	143
0.395188450909336	144
0.479977117007118	145
0.841474167768053	146
0.451171036362082	147
0.225071127327893	148
0.6698001536346	149
0.497696796062377	150
0.542806623668201	151
0.175869253400944	152
0.493169539671596	153
0.500517570472302	154
0.555661299725056	155
0.397032790355427	156
0.291863216704386	157
0.406815350239501	158
0.30726820260857	159
0.560112013966924	160
0.315741639352468	161
0.654921227660838	162
0.371113978533343	163
0.497393934784081	164
0.428757306711016	165
0.309418566160086	166
0.487490640820119	167
0.412379174163529	168
0.632078070430573	169
0.584786076580132	170
0.458784318828007	171
0.394053072346646	172
0.557543364132768	173
0.616186944049348	174
0.675144023875845	175
0.455535003352773	176
0.511151641347772	177
0.428680828041383	178
0.335328687350878	179
0.40919505437129	180
0.427968233213486	181
0.505712518862969	182
0.447234523019095	183
0.50530651253751	184
0.577624236631609	185
0.534111472024062	186
0.225689601003897	187
0.169837889068506	188
0.638104314692796	189
0.37856120038438	190
0.433025441534204	191
0.408055473663325	192
0.198533670046572	193
0.354996230826579	194
0.51113473159518	195
0.412984974337839	196
0.463688111966617	197
0.249479379370693	198
0.254480623763674	199
0.33640272644632	200
0.421333453212478	201
0.321289782797658	202
0.472973458060219	203
0.588028338716026	204
0.270159721910444	205
0.389251769960299	206
0.510665502836825	207
0.354586100933418	208
0.478274380540705	209
0.314511508747197	210
0.284710535935715	211
0.385534937137135	212
0.504464537801878	213
0.427672778248918	214
0.473256178276155	215
0.505044054339064	216
0.222293028228083	217
0.318406290142591	218
0.324665358483319	219
0.460446834207398	220
0.283597663693447	221
0.285849515338628	222
0.425846745306355	223
0.539629897532091	224
0.469266695730619	225
0.257517023428334	226
0.38820582108643	227
0.432404058335634	228
0.499262242532407	229
0.302371256477871	230
0.236302676372061	231
0.370240376565947	232
0.585432856599518	233
0.765204944690674	234
0.355344816888637	235
0.309598880849524	236
0.417664565890311	237
0.301835225714369	238
0.174312254721043	239
0.150479997329405	240
0.327255506637163	241
0.580113216686956	242
0.425888040025047	243
0.587596012321796	244
0.349114760945048	245
0.400499409801131	246
0.172975648831354	247
0.315072403344445	248
0.582337325812209	249
0.32396643433657	250
0.317189527637679	251
0.208976296306694	252
0.482240890289253	253
0.29417058876737	254
0.506420791291749	255
0.364058880094669	256
0.558305047514898	257
0.134862514465438	258
0.321470062788356	259
0.127633392991288	260
0.324251777592033	261
0.479207754586854	262
0.680323916047683	263
0.526105305810627	264
0.357679375842021	265
0.145135893481147	266
0.565714318155893	267
0.555726640635774	268
0.284834962515309	269
0.181528435087943	270
0.181606181989131	271
0.477500138116166	272
0.240015249382336	273
0.181759108770017	274
0.372884115504285	275
0.19578448649898	276
0.543221379913477	277
0.565554287208958	278
0.412295528321205	279
0.235707928001583	280
0.40796684069141	281
0.438029824791538	282
0.304510099217309	283
0.524228834850683	284
0.343938956495932	285
0.662014880815417	286
0.370986939802721	287
0.286398406099085	288
0.380799044169136	289
0.271590606197587	290
0.482170032914516	291
0.345288612052052	292
0.331967853568065	293
0.696754220562825	294
0.352412204727845	295
0.541132941640439	296
0.497178284024849	297
0.298061262588215	298
0.389798745682849	299
0.431857312750157	300
0.693454476917916	301
0.506436489083726	302
0.454118522733728	303
0.589880310850825	304
0.516405250321683	305
0.275311192456265	306
0.523145697308299	307
0.33503639282059	308
0.560339638077352	309
0.443640391303935	310
0.383907896225892	311
0.5305839325198	312
0.288991156380465	313
0.0699110391940874	314
0.367931408971442	315
0.373623890622383	316
0.581672657203397	317
0.380391878932919	318
0.603802324425049	319
0.405212811334388	320
0.435674197424174	321
0.491924167517822	322
0.418745497573956	323
0.581081327511204	324
0.404286550970201	325
0.424241861630522	326
0.483343926319351	327
0.459740935046884	328
0.525919700789522	329
0.437868137935151	330
0.336036659913025	331
0.345276980138728	332
0.329101209382098	333
0.180985248375731	334
0.448415815797761	335
0.454266550464613	336
0.44775144226007	337
0.303723058250374	338
0.298282273445067	339
0.215484189402674	340
0.445524520479725	341
0.202885754225851	342
0.375344024872182	343
0.458571569465671	344
0.295455007715057	345
0.30721529361582	346
0.3416789300842	347
0.437812607680193	348
0.344612809083659	349
0.520393399058231	350
0.646251246953413	351
0.554288072202492	352
0.634376090559281	353
0.296876178204637	354
0.480427514423387	355
0.376233201270826	356
0.521911333838445	357
0.710150954704449	358
0.551004088807238	359
0.364415369786752	360
0.387307652675248	361
0.457975328179056	362
0.513702029338379	363
0.4815706054796	364
0.547398771852862	365
0.473890832633998	366
0.460205307286125	367
0.505840556945583	368
0.638967533301158	369
0.357860577401973	370
0.504328458418503	371
0.549755106789794	372
0.287605227333272	373
0.439197354962581	374
0.107069973685317	375
0.726631802804653	376
0.30586380577758	377
0.350621717737087	378
0.432997870763659	379
0.305092760403907	380
0.340670384198814	381
0.26434836851015	382
0.505683673071741	383
0.586801810386619	384
0.678923445205441	385
0.409742563812032	386
0.521388842684754	387
0.4594742903327	388
0.263508214490613	389
0.315401663172993	390
0.322511576247623	391
0.414072553085076	392
0.448350474662547	393
0.490404464602664	394
0.400997149827649	395
0.200931031912327	396
0.42356081304908	397
0.356491790567237	398
0.457688365136362	399
0.301356745498087	400
0.56362767294828	401
0.354970758383722	402
0.635513534902558	403
0.44075356831052	404
0.484648152981336	405
0.50572968535314	406
0.452298092730246	407
0.382163229225828	408
0.44636225717175	409
0.386966734364321	410
0.488282801285175	411
0.477662934637914	412
0.390343830160642	413
0.519493390614818	414
0.252270465504604	415
0.486518317025226	416
0.565740628019491	417
0.347957068317654	418
0.245690770285098	419
0.976835621908124	420
0.579619193636159	421
0.302358091443545	422
0.610322339787391	423
0.401102538182156	424
0.548540743872779	425
0.566345610379882	426
0.567869689698082	427
0.472019735862958	428
0.422289604935473	429
0.332408301290756	430
0.34720299642024	431
0.392269855141643	432
0.328354826852856	433
0.589312226631749	434
0.649768068202793	435
0.321625962787948	436
0.338138440924121	437
0.514331092979761	438
0.306587022268102	439
0.621377534900244	440
0.258538490396244	441
0.393649110699052	442
0.54353395663623	443
0.314238227555593	444
0.399317553562929	445
0.259612037538896	446
0.289889073765148	447
0.415107538324411	448
0.425937275120869	449
0.806519710008172	450
0.652997637121059	451
0.240856033244602	452
0.519459901265141	453
0.721543479968066	454
0.484666139323763	455
0.454730912338523	456
0.243607140514133	457
0.392727772271659	458
0.783984743307668	459
0.56209643959942	460
0.493179356427428	461
0.491031151190198	462
0.386640067901383	463
0.599842908133684	464
0.490333537245818	465
0.395523323883604	466
0.416963785947958	467
0.47051601754079	468
0.259199189016209	469
0.541129721369581	470
0.415034400415804	471
0.427723796387093	472
0.451442618753874	473
0.410689289125662	474
0.32204153245414	475
0.463564965549198	476
0.335377028991172	477
0.0179997232681321	478
0.5336704865442	479
0.367224552297558	480
0.316912428953998	481
0.161596330816966	482
0.403708777245819	483
0.239728832256339	484
0.613393304721354	485
0.516757249092599	486
0.416069725956959	487
0.386953783013172	488
0.222931888753595	489
0.405690433773581	490
0.167171359791283	491
0.420596199745431	492
0.543657783659745	493
0.540636370393965	494
0.233443852278309	495
0.450083562173595	496
0.55356471752061	497
0.417511944611202	498
0.590389147392098	499
0.41538843701791	500
0.233313606662521	501
0.51426717703035	502
0.316432182059797	503
0.240768285068374	504
0.371621408118457	505
0.432225339302527	506
0.419964929707896	507
0.42789215001544	508
0.339789970204233	509
0.268828587918611	510
0.394070821981207	511
0.372044950100028	512
0.239886493101088	513
0.724724212230857	514
0.315597551270564	515
0.356917727160166	516
0.53169740081159	517
0.379705394881827	518
0.267890755237729	519
0.271658135547319	520
0.411533917755815	521
0.601661902873768	522
0.337558492104321	523
0.18854157931164	524
0.548396697965842	525
0.563504623693449	526
0.611151228034232	527
0.50045609921965	528
0.574495923812548	529
0.348473319096671	530
0.516506684756807	531
0.440427803590856	532
0.186367226356058	533
0.426810679872267	534
0.489189556674632	535
0.599911990273723	536
0.296759085614134	537
0.387138142543957	538
0.502481670135826	539
0.476311006233242	540
0.509216940448861	541
0.324844209561811	542
0.53711085681286	543
0.460138363815077	544
0.539619269083701	545
0.411729316435606	546
0.394681010077704	547
0.368154983075133	548
0.278859949983025	549
0.431218827860852	550
0.312250978737713	551
0.342109722194983	552
0.57749761865495	553
0.262035351836652	554
0.545994948844181	555
0.322486017380718	556
0.468626856283256	557
0.40808244364939	558
0.119551580640217	559
0.35345171778848	560
0.31438515465219	561
0.389304462132618	562
0.462516711758306	563
0.394955638976434	564
0.399925612157257	565
0.761266771366806	566
0.447612143874032	567
0.398901488481445	568
0.415830260911417	569
0.397169136699938	570
0.382957140090433	571
0.323757597329811	572
0.434656449302772	573
0.494738651610153	574
0.692465189512892	575
0.244313526859118	576
0.260677171943466	577
0.32186030653911	578
0.420206986114116	579
0.344459979601719	580
0.442803255917435	581
0.40180126563943	582
0.379849009171707	583
0.494676486051014	584
0.229652138827907	585
0.463658236651841	586
0.201742294945868	587
0.236731000516151	588
0.490284632859742	589
0.498181721151442	590
0.381932342943817	591
0.561323173375493	592
0.574141592714649	593
0.310700544568146	594
0.42605832671612	595
0.294667007955285	596
0.296193295993217	597
0.50669255498054	598
0.298924877407766	599
0.275461586086068	600
0.512565930328781	601
0.403316309202641	602
0.319927619242078	603
0.508557033229201	604
0.383279697641843	605
0.538361267637974	606
0.563127046685031	607
0.466530431094315	608
0.522367296010311	609
0.312221461232732	610
0.444547475631094	611
0.31348590132129	612
0.399840123034908	613
0.433502538021551	614
0.626245273053134	615
0.636422311874046	616
0.435664426448128	617
0.201255658610555	618
0.394914173160495	619
0.4332497569805	620
0.495082653049969	621
0.308084049611575	622
0.254048709710869	623
0.482102904587362	624
0.613936420669725	625
0.379257026855434	626
0.530379058086037	627
0.473819427634952	628
0.420919200821827	629
0.446061110503882	630
0.237486609668485	631
0.415002068121983	632
0.436621485312887	633
0.326747050733892	634
0.51733791813176	635
0.475940405999102	636
0.418733781562797	637
0.343973103293438	638
0.350169399973312	639
0.48224845694091	640
0.280364902121701	641
0.462459002393394	642
0.120632766188677	643
0.30742186723638	644
0.827486528864245	645
0.348649200972706	646
0.396953881336085	647
0.310215691582763	648
0.253466725792079	649
0.33942906382739	650
0.478434835521567	651
0.245350399566451	652
0.621801510410916	653
0.485991607033796	654
0.476271019670605	655
0.232727267694899	656
0.33476415023128	657
0.223546872287424	658
0.580686873934224	659
0.437199691656255	660
0.643278571070999	661
0.285284457875182	662
0.529488282537235	663
0.586387532207667	664
0.355114744877724	665
0.395918325619305	666
0.398344091568773	667
0.579111680684449	668
0.464875690878189	669
0.320091225481351	670
0.335380529414324	671
0.334747370408831	672
0.428421224929032	673
0.402518674777721	674
0.285492963141357	675
0.24269264838439	676
0.46558407335872	677
0.572223123444371	678
0.563764773986902	679
0.33646600675517	680
0.431654766958478	681
0.40507977668425	682
0.587180553177811	683
0.414357409681501	684
0.242835877607552	685
0.632636164301377	686
0.255682662703647	687
0.604308002383236	688
0.365345687270651	689
0.475270118116603	690
0.628228081629318	691
0.478139745522547	692
0.340977430597982	693
0.451018005629744	694
0.604669442009995	695
0.554548065273969	696
0.252004873045775	697
0.335680402471528	698
0.466492901280916	699
0.405148965796397	700
0.37880338482883	701
0.441290552718862	702
0.458078353918307	703
0.539103572329254	704
0.442366272427779	705
0.458983403944464	706
0.314630924542036	707
0.364537960168859	708
0.55292150931759	709
0.378894441342431	710
0.558339267266934	711
0.16263973885271	712
0.507523176016706	713
0.302415138489144	714
0.467579814399702	715
0.367916243840879	716
0.377266214032641	717
0.298958422693484	718
0.455332941308183	719
0.410399498067506	720
0.275872776615888	721
0.324295897937339	722
0.555880084582531	723
0.560033709577247	724
0.463984256273901	725
0.437009062581713	726
0.494668179800115	727
0.520246574418027	728
0.520889934757966	729
0.61846067486074	730
0.697036893740354	731
0.531668959507714	732
0.475192867200717	733
0.430275556377418	734
0.33369540645912	735
0.59822876124852	736
0.201003786670008	737
0.388202309332167	738
0.263629117769482	739
0.416207399181805	740
0.431391154871665	741
0.383570706662464	742
0.230433881426664	743
0.58857255436312	744
0.37937253883423	745
0.442563362493247	746
0.493829314356929	747
0.402361727865309	748
0.381495200601939	749
0.608486125666219	750
0.403936702132049	751
0.543440042281969	752
0.300030480839439	753
0.411921593768342	754
0.121579277327951	755
0.393714339390407	756
0.367646773398136	757
0.661392260574431	758
0.449119313971718	759
0.442074057687236	760
0.354143358064068	761
0.365151561443117	762
0.447072508809788	763
0.247798734549948	764
0.510090374778778	765
0.298173557709725	766
0.370335404746464	767
0.740755160068162	768
0.553456703663578	769
0.312137457313408	770
0.660683302018403	771
0.215163522509989	772
0.24548008491289	773
0.58835371857341	774
0.655009203663706	775
0.716029450043933	776
0.509368987262618	777
0.323592927069418	778
0.281803727414107	779
0.529690926815822	780
0.721067027667492	781
0.399781343231795	782
0.455377841137916	783
0.220769784792196	784
0.572418403577468	785
0.261074082647696	786
0.365878287059802	787
0.38862267338005	788
0.535686768817544	789
0.545385916624674	790
0.502088081829145	791
0.135936120167789	792
0.417221659988958	793
0.218937855946445	794
0.522857701862264	795
0.440077852713154	796
0.382793558625462	797
0.50691844728871	798
0.544285047344902	799
0.497804311257123	800
0.428293190714583	801
0.549394322723117	802
0.493205357737532	803
0.494271276391149	804
0.39494976892352	805
0.308394459733836	806
0.362505325432945	807
0.478396652472736	808
0.614971320902612	809
0.656627242714394	810
0.431467058938261	811
0.397997173914561	812
0.492261808519936	813
0.268278137696723	814
0.592245292417593	815
0.445003563793041	816
0.305797478429222	817
0.453318916778872	818
0.539391239480418	819
0.722982269392017	820
0.302421314202206	821
0.414468970610884	822
0.358230712895167	823
0.306400682869648	824
0.469642192140371	825
0.319589535668715	826
0.478786671390239	827
0.496566797807959	828
0.403887884491282	829
0.374832031723291	830
0.315346894504099	831
0.310740961560195	832
0.47488115514135	833
0.387494696624582	834
0.470188247148184	835
0.644230310584369	836
0.384709666715479	837
0.431599821692327	838
0.513462740754813	839
0.559388073104332	840
0.205601784879375	841
0.288723436951846	842
0.546141238891427	843
0.679237176464259	844
0.49700301820266	845
0.357418637287584	846
0.38000288246238	847
0.465747661647355	848
0.561049200868271	849
0.5334560557068	850
0.374867066511266	851
0.441873704244424	852
0.307755015510154	853
0.541019079393363	854
0.171342147170147	855
0.389707388760419	856
0.375788234259877	857
0.526946914598626	858
0.544509921601861	859
0.223795054229971	860
0.372557697851698	861
0.419822829240074	862
0.481660999767053	863
0.457376476853356	864
0.472729124610637	865
0.640828192680375	866
0.269772202071402	867
0.445700793207269	868
0.561302317014677	869
0.414064063517879	870
0.522001776475495	871
0.392348811134037	872
0.164416317331196	873
0.441608352305207	874
0.321081434091615	875
0.368751854523778	876
0.300900485655869	877
0.511878766484521	878
0.393227176059412	879
0.553655716625642	880
0.318775713656078	881
0.497919971132679	882
0.437488880201517	883
0.360347333157951	884
0.289551832561303	885
0.434385035660101	886
0.700290997685904	887
0.418096737742934	888
0.605389253293652	889
0.497582857059678	890
0.36511770124774	891
0.371337631466944	892
0.542980688649888	893
0.551209751867249	894
0.372180699993318	895
0.350089915250634	896
0.454203626634179	897
0.466009095553164	898
0.148924752787566	899
0.431170532108751	900
0.537815083272981	901
0.204842042337511	902
0.482944806539194	903
0.379663965178484	904
0.334093431159013	905
0.303778064168821	906
0.560708722453212	907
0.382855654036159	908
0.354119145184232	909
0.479158898526153	910
0.51133043889129	911
0.613794240292731	912
0.0488590295730501	913
0.479295983591283	914
0.429180410204595	915
0.299949350721074	916
0.352602480391893	917
0.425224352127663	918
0.169672729844944	919
0.388263079481208	920
0.595646441020455	921
0.504218913566412	922
0.24699335947465	923
0.469134032002012	924
0.592296170001907	925
0.339038728262997	926
0.358676270756752	927
0.349702951292539	928
0.294084090753402	929
0.466154212880784	930
0.430356415386297	931
0.3443065052495	932
0.457334864923328	933
0.355109110848804	934
0.327188063873078	935
0.374871259645518	936
0.400271815229873	937
0.487127415578741	938
0.258034865775634	939
0.235761286416247	940
0.335062927584813	941
0.589519184252298	942
0.425567237828924	943
0.482945863685762	944
0.490077530243134	945
0.237680174425801	946
0.263830333550662	947
0.332786984758133	948
0.25997456134598	949
0.382333961704695	950
0.345266382272782	951
0.55175600894372	952
0.453674978603052	953
0.65069316233383	954
0.232491294429739	955
0.468832620572249	956
0.24217819521813	957
0.55467347353022	958
0.332337545301548	959
0.260781886611632	960
0.542313981041424	961
0.575810336664135	962
0.489539758593333	963
0.735129100807009	964
0.302286550625415	965
0.273020384623476	966
0.559209095809074	967
0.626138146223945	968
0.580623808792581	969
0.406760991623772	970
0.531719202889318	971
0.32606960294972	972
0.303783932376439	973
0.508578598873109	974
0.266243241669078	975
0.415527488910799	976
0.291589841646321	977
0.370793921867218	978
0.224733635886423	979
0.515602290459904	980
0.413683578136352	981
0.431490000666568	982
0.40282601250612	983
0.499909311432549	984
0.392385152374598	985
0.487246986411689	986
0.439493555965431	987
0.597243625198942	988
0.530663896799363	989
0.281441253599517	990
0.480918962996498	991
0.269783141290087	992
0.308018478579744	993
0.63669002599214	994
0.362526940202525	995
0.192985984892742	996
0.398152816769569	997
0.502627636394768	998
0.489330041382731	999
0.37149369465176	1000
