"ASR"	"iter"
0.591476947179022	1
0.593341316136642	2
0.583656043686713	3
0.532070188492198	4
0.596966935149334	5
0.55742318107728	6
0.602460395966448	7
0.563556919433847	8
0.630904807453588	9
0.593734863245651	10
0.63151757117226	11
0.60349407874337	12
0.516013388536112	13
0.601874829051157	14
0.534799074699057	15
0.64311452875791	16
0.577462599299994	17
0.580249139992258	18
0.569142612911596	19
0.586546875093789	20
0.576539410309852	21
0.596615466003328	22
0.559004072504138	23
0.605220841968721	24
0.553949235984884	25
0.645987667709045	26
0.607442536094087	27
0.626525471378129	28
0.560107157207725	29
0.615149773532635	30
0.640907793051654	31
0.589558225205731	32
0.554012640040728	33
0.58878591666768	34
0.615238543432628	35
0.58391850706852	36
0.622655096201014	37
0.600223303914643	38
0.604086607905051	39
0.614640778733721	40
0.537484063995288	41
0.606051834679892	42
0.622742870195725	43
0.59114515697786	44
0.556155428094058	45
0.563720352361109	46
0.548612594570276	47
0.531293879239691	48
0.635568703360279	49
0.595459427420514	50
0.605718075352963	51
0.592431068407867	52
0.494924762928728	53
0.614978923495939	54
0.6157189843229	55
0.553943146466882	56
0.640035301353857	57
0.573536028553544	58
0.583879483257801	59
0.594182827663464	60
0.537195384593612	61
0.565676923248817	62
0.550102427551253	63
0.59860070263713	64
0.572157666202388	65
0.635834579073626	66
0.603234400727983	67
0.615643593755082	68
0.552393379674613	69
0.535327479068135	70
0.565091326874508	71
0.53204496585777	72
0.563970545895228	73
0.631762173014945	74
0.589099879059754	75
0.596663572676087	76
0.57445319123687	77
0.538013421883087	78
0.563757541526032	79
0.573097388143393	80
0.597502271143502	81
0.550072823397568	82
0.566551330500604	83
0.590600383801361	84
0.621820859143835	85
0.641247615535464	86
0.536403239932602	87
0.59575199850833	88
0.580525320021746	89
0.617080901088407	90
0.560409174372908	91
0.59995440659662	92
0.599765268567871	93
0.621052370595958	94
0.558250767981042	95
0.658255898500972	96
0.596986889411219	97
0.570412790321935	98
0.655589594978352	99
0.552000868788001	100
0.555792470876351	101
0.56370700210846	102
0.538500834339565	103
0.623556931405445	104
0.587819048460875	105
0.56890555571225	106
0.513730159797883	107
0.507049412639702	108
0.582121002886294	109
0.59510092914902	110
0.597204620787387	111
0.591774913304502	112
0.608290309519076	113
0.577603672206019	114
0.612760784342726	115
0.593084368019288	116
0.52875010609466	117
0.591432739136785	118
0.657007240736296	119
0.594749254281188	120
0.600080347778403	121
0.566979364180424	122
0.656084603903368	123
0.595317802965455	124
0.597151148430803	125
0.553141273987253	126
0.638842293705189	127
0.613740538101222	128
0.518706147280934	129
0.566424176686733	130
0.597126825765294	131
0.555554145820665	132
0.599503765043638	133
0.582916585859505	134
0.564808501779429	135
0.591131486462984	136
0.610918570967888	137
0.56411129686458	138
0.579904595517615	139
0.557912670277587	140
0.527982484061784	141
0.598589927399071	142
0.571500588954579	143
0.579091502635046	144
0.626823585790992	145
0.568022795250567	146
0.548643593896315	147
0.634776826403356	148
0.566167679943744	149
0.61353741117415	150
0.630169199432057	151
0.63645304311783	152
0.624890963094943	153
0.598020209742398	154
0.568078682001964	155
0.57133061268147	156
0.563956557259846	157
0.655837560979749	158
0.574820954574429	159
0.552878720124561	160
0.587523208454651	161
0.572042770871085	162
0.582239199380478	163
0.616974549167475	164
0.573041519611614	165
0.564988511200442	166
0.602290553089581	167
0.624218982536123	168
0.521133659665239	169
0.569070725845345	170
0.598040695726861	171
0.592097147774317	172
0.530776000373595	173
0.597734081737109	174
0.580778653070136	175
0.613540526026131	176
0.595386801602109	177
0.611297782116182	178
0.589895761003235	179
0.590689176023793	180
0.615559521536855	181
0.498142296255134	182
0.635835225461542	183
0.562313206853416	184
0.614158455538675	185
0.615605878592036	186
0.610409393386858	187
0.588420291702	188
0.639775448642363	189
0.608807333576745	190
0.551826004936665	191
0.594222831303736	192
0.565494057170459	193
0.549298865649973	194
0.593830291256545	195
0.59826909653687	196
0.615276756807965	197
0.559099376287962	198
0.581541574228705	199
0.588663603260261	200
0.591471326917595	201
0.577207866956039	202
0.545511185178061	203
0.606921669904384	204
0.529657761124218	205
0.592882386228492	206
0.547391454285148	207
0.539869691673576	208
0.537653104354783	209
0.605990266389704	210
0.608442591927555	211
0.589322019451827	212
0.563332370745712	213
0.561408872439812	214
0.589555472965028	215
0.511736158366069	216
0.58734482123573	217
0.603328536863605	218
0.54122543595409	219
0.592282642705879	220
0.613908974185214	221
0.563886202325941	222
0.596247068895918	223
0.545682061985433	224
0.583072598609203	225
0.595025103733685	226
0.562977116102476	227
0.629625143986421	228
0.668460964567965	229
0.599414084578186	230
0.530957371165823	231
0.523292116211903	232
0.557223972142375	233
0.632816507534387	234
0.567173533722656	235
0.588840579960073	236
0.594713056152085	237
0.643165598655739	238
0.610885259809209	239
0.589232048427065	240
0.611407642880362	241
0.578451941061725	242
0.561875035872746	243
0.646834373583294	244
0.592916866973515	245
0.554251701749746	246
0.610160245630821	247
0.538862319016405	248
0.481715341751903	249
0.606985063041575	250
0.580413899006606	251
0.55870759287886	252
0.63032753702872	253
0.567003973015211	254
0.578551570716133	255
0.57871278592771	256
0.569016168748201	257
0.58098963154029	258
0.539034898072579	259
0.5354075426931	260
0.593577427861103	261
0.570600709360735	262
0.631817594842554	263
0.614680701683801	264
0.610980005510496	265
0.582888601767013	266
0.615464446788231	267
0.595902207675996	268
0.581903875168212	269
0.659763776499216	270
0.592424478903792	271
0.555330188197617	272
0.642253685471438	273
0.601955800661896	274
0.606229961441206	275
0.562598831217515	276
0.604111128261521	277
0.554020103672576	278
0.580352865985546	279
0.617930841562126	280
0.565625455337071	281
0.56964770396919	282
0.533398465996099	283
0.632104001503504	284
0.580454209708781	285
0.542600984479861	286
0.577801053729368	287
0.608127158327217	288
0.581902296119721	289
0.486612649208774	290
0.556811400959617	291
0.548826196645637	292
0.591175055102993	293
0.541521267483741	294
0.653384731261205	295
0.595132575085589	296
0.570144081471614	297
0.623455855197733	298
0.604110226505905	299
0.599273844352638	300
0.663538412026533	301
0.587031075602662	302
0.618396631619149	303
0.609975780724491	304
0.543315130276594	305
0.566648656979548	306
0.601212255309817	307
0.561505972283098	308
0.540430868613636	309
0.542906514430279	310
0.579222817445923	311
0.602963533455031	312
0.61046706118893	313
0.598848018285507	314
0.545257509996288	315
0.622892628127688	316
0.596889031030014	317
0.592391491226613	318
0.621329575860602	319
0.594616797178306	320
0.582747468590458	321
0.582337338281795	322
0.546880412541542	323
0.510448164196052	324
0.571875775740206	325
0.605390069499471	326
0.633482517739693	327
0.584758394961009	328
0.617127260424919	329
0.613824800759632	330
0.631421068893557	331
0.543644614648685	332
0.559935516327133	333
0.562753175775846	334
0.608635004954988	335
0.651770347393281	336
0.628600147948103	337
0.55665231175578	338
0.599261643897529	339
0.560003100322704	340
0.617413890323798	341
0.629784186302663	342
0.530079548476218	343
0.473539485938489	344
0.596943482517806	345
0.580910025857734	346
0.529940164550056	347
0.586700684574851	348
0.543653569971789	349
0.577554101015092	350
0.607062870820038	351
0.536127205740069	352
0.613711637251429	353
0.639699494005445	354
0.588788995679868	355
0.625980774117113	356
0.628019090428759	357
0.583400638078476	358
0.493963960890284	359
0.539423826822915	360
0.593359210757442	361
0.654103804988736	362
0.548390222266857	363
0.551110123390017	364
0.525906794836953	365
0.558175440591263	366
0.615442895996367	367
0.579880635587024	368
0.53995107799726	369
0.545459050131468	370
0.575362373466828	371
0.547948484337342	372
0.580367037133133	373
0.599245021136121	374
0.583073961310391	375
0.604249751763578	376
0.622505612256009	377
0.509910974807069	378
0.603596898210633	379
0.586703890927144	380
0.607851369991484	381
0.581873980975145	382
0.537689740001624	383
0.583076680680551	384
0.593389974846464	385
0.605780933277487	386
0.608553659717516	387
0.578238626455064	388
0.644433044437161	389
0.583622613320352	390
0.596751420080456	391
0.591051368194565	392
0.607902249424487	393
0.548225675228406	394
0.669234170940391	395
0.584469188359843	396
0.600460913237297	397
0.592979541197281	398
0.595887154842407	399
0.577345055292657	400
0.630275084525622	401
0.553133338930451	402
0.573859461032076	403
0.574743630236067	404
0.555630419440102	405
0.554574047009284	406
0.592394714419117	407
0.566487144062779	408
0.615478503372766	409
0.585783476631197	410
0.567772173710663	411
0.585229774920828	412
0.570041464669347	413
0.622693502366232	414
0.571579108064066	415
0.585862947669322	416
0.623878900965299	417
0.549510814604885	418
0.559311923244114	419
0.647891895394027	420
0.594338292288239	421
0.547075053479141	422
0.595746079755482	423
0.621791602554604	424
0.576044503422302	425
0.572950127702249	426
0.590646581302473	427
0.612046002387499	428
0.576837778770163	429
0.561524623354822	430
0.552148093242885	431
0.629377869741163	432
0.5751298538778	433
0.639659353764686	434
0.506325567553312	435
0.566422428653001	436
0.613327367001832	437
0.543152856938569	438
0.591714247118027	439
0.527084808115436	440
0.583599937040897	441
0.537915192092765	442
0.512867881383103	443
0.589971955668288	444
0.589891901248529	445
0.58650485884996	446
0.613362763978546	447
0.661245393692359	448
0.52257206276385	449
0.56470638013025	450
0.586730668632151	451
0.58751889293465	452
0.647115836477263	453
0.579512139951855	454
0.523623688558046	455
0.590619339020895	456
0.601004540691251	457
0.556937166226434	458
0.591777889477764	459
0.600336861873844	460
0.585395303715162	461
0.567945952424142	462
0.572250742483756	463
0.511210304802639	464
0.576419450782269	465
0.503828938919675	466
0.602884882290577	467
0.60012273122253	468
0.600658155668913	469
0.619317199449472	470
0.675745417513236	471
0.50743425363724	472
0.58124780435305	473
0.559400891389942	474
0.557041991488594	475
0.636233035500923	476
0.552028770432429	477
0.623184112562386	478
0.577992157485918	479
0.581098527072737	480
0.610935420645569	481
0.582835233104431	482
0.629886940940979	483
0.585735071608015	484
0.546628343193358	485
0.526658161431665	486
0.595030695195043	487
0.610192959729021	488
0.547184713728656	489
0.613894756629185	490
0.605487477682689	491
0.565083870509751	492
0.605047527370768	493
0.587291766565893	494
0.615001531383986	495
0.556512517918822	496
0.504106307865439	497
0.640707950181317	498
0.542656248245881	499
0.59998294924864	500
0.570228379298538	501
0.618220673199687	502
0.670392702619457	503
0.59819732685723	504
0.604367687591851	505
0.583967578107417	506
0.559315257002393	507
0.624350923823287	508
0.57582093460021	509
0.647967512016908	510
0.611911679765622	511
0.566607525232194	512
0.590260901774199	513
0.628939775208879	514
0.567296824726322	515
0.627101841435578	516
0.622774449602762	517
0.540401281131705	518
0.604390635965012	519
0.563366963641661	520
0.635940974322263	521
0.575837875064854	522
0.594843976001478	523
0.576236385874645	524
0.580475888052966	525
0.586008296764768	526
0.576583328245958	527
0.605325050718268	528
0.582795770282958	529
0.59344019838749	530
0.562421968988441	531
0.633706291871546	532
0.607528096957315	533
0.584638566829751	534
0.613961599507683	535
0.612526495384602	536
0.604071232603364	537
0.577136076771106	538
0.571646323309116	539
0.649586397430287	540
0.602526444853529	541
0.593488933879509	542
0.61526020036995	543
0.572887438396951	544
0.591566867344092	545
0.589743384394636	546
0.585343145217265	547
0.569973474577768	548
0.574855727408848	549
0.61889933842842	550
0.516458526942793	551
0.539041521059118	552
0.571215834628732	553
0.615877289069003	554
0.57680707057798	555
0.61465334372329	556
0.618995866570276	557
0.569983146564409	558
0.48097009374991	559
0.627252078345018	560
0.593791224911279	561
0.554230349228186	562
0.611242417729142	563
0.586720918563563	564
0.592372157417136	565
0.616660433729894	566
0.610690741209153	567
0.564434433827755	568
0.625133935928178	569
0.572700920034004	570
0.64010565847156	571
0.605302535078635	572
0.624381280435135	573
0.642352522505691	574
0.572985926708567	575
0.609947268125946	576
0.653219231219824	577
0.615667811938596	578
0.622296938513793	579
0.630756705581991	580
0.626941523120343	581
0.581323831616291	582
0.592353503655153	583
0.604986463443082	584
0.593227538757178	585
0.548862263916654	586
0.620570794350157	587
0.595028748919307	588
0.599462389367545	589
0.580624083833866	590
0.626229973407004	591
0.618253833139123	592
0.598441615702807	593
0.605258024638391	594
0.580713645780417	595
0.594483691332854	596
0.603445554140663	597
0.584068766431427	598
0.627317554760158	599
0.617167855217199	600
0.628077028631395	601
0.601930484808731	602
0.570297446117666	603
0.593669216248152	604
0.623004058185471	605
0.60064283044681	606
0.569216316413819	607
0.53811905473175	608
0.565781403007413	609
0.549276979878466	610
0.593419030052381	611
0.60534806811893	612
0.556076188526729	613
0.615379671072122	614
0.599585462296056	615
0.570087515508356	616
0.612731568276896	617
0.571385600720762	618
0.576857974765699	619
0.552413109223663	620
0.560810482810809	621
0.599062571093265	622
0.638304334657459	623
0.559803317654763	624
0.492182053277943	625
0.576293133048547	626
0.587123816556342	627
0.57671284579513	628
0.642456435758934	629
0.533341235008177	630
0.513794212750741	631
0.586748752346349	632
0.659356565079443	633
0.613314422582124	634
0.596132688444351	635
0.601313745424959	636
0.593798780916071	637
0.619816486882453	638
0.58666727638619	639
0.596847395542578	640
0.590330446789085	641
0.585485283609497	642
0.625343041304264	643
0.546883766162416	644
0.6067259543421	645
0.607883613845369	646
0.596915530597563	647
0.605143946775509	648
0.594597848094427	649
0.6369574130075	650
0.571565887710868	651
0.574312610065072	652
0.603105781177227	653
0.505795299918553	654
0.597844175293569	655
0.591046139962915	656
0.569490745817202	657
0.528409664266507	658
0.554728875113	659
0.609348094744545	660
0.554082701337024	661
0.615775324626424	662
0.598426344509737	663
0.543520332611903	664
0.644395024769464	665
0.59104659199089	666
0.642686634276516	667
0.612786782359687	668
0.602691702561051	669
0.589303780726851	670
0.577688521130765	671
0.555744977049381	672
0.567949016020431	673
0.587801656332234	674
0.54119274124659	675
0.560028808804108	676
0.565107948761946	677
0.603561760728101	678
0.563370502687315	679
0.610219201690663	680
0.600321693084752	681
0.589304306559216	682
0.598506981156061	683
0.582561285150157	684
0.55011693155768	685
0.579055797026224	686
0.609277085975018	687
0.544122106323782	688
0.637814060318961	689
0.603005722661466	690
0.612594228654354	691
0.590449565118193	692
0.567665073784854	693
0.606677141066251	694
0.543168964690265	695
0.65347839378736	696
0.559248462317589	697
0.564664807522682	698
0.640371934716598	699
0.56365643410934	700
0.609214158542679	701
0.497797852228876	702
0.616672244674673	703
0.538963423494475	704
0.564677350924675	705
0.527796156785366	706
0.569348807527535	707
0.531321711479636	708
0.544697442716766	709
0.632793483685993	710
0.596187372450299	711
0.586335025462292	712
0.546984365688533	713
0.572510118329291	714
0.584336046162652	715
0.583215810343434	716
0.593996466180776	717
0.545801325186802	718
0.629035109368464	719
0.633792943096429	720
0.5794190824042	721
0.537442322228503	722
0.501911273982457	723
0.607203536764114	724
0.513245720077058	725
0.555750505061076	726
0.598950560285326	727
0.65297695362272	728
0.584860126879008	729
0.590629898662493	730
0.576597919932024	731
0.52867283860447	732
0.62161796077944	733
0.607737284655546	734
0.604476481448137	735
0.61971778721516	736
0.57254054831945	737
0.586834306261563	738
0.570134629648334	739
0.566919290109058	740
0.602598433013773	741
0.613364253360215	742
0.624495944201469	743
0.626186899927016	744
0.554450454561016	745
0.555532826991804	746
0.65373375163832	747
0.573699650114052	748
0.61772464099086	749
0.520621830300044	750
0.571727482896411	751
0.598356591417879	752
0.635243046208932	753
0.570813423842855	754
0.614006012651563	755
0.473160375953806	756
0.618778724142935	757
0.576130801735247	758
0.617919819658804	759
0.482582948648121	760
0.601239164212872	761
0.600090767613923	762
0.505223751401182	763
0.577450414186116	764
0.6334700762218	765
0.561386390827505	766
0.619355830543309	767
0.579771038199256	768
0.575615803491149	769
0.654933703591024	770
0.638665060201995	771
0.621023922435657	772
0.591817672141506	773
0.606197877331474	774
0.56713218609158	775
0.612000786754172	776
0.599822135777421	777
0.641976119376076	778
0.547484559919842	779
0.590778366199967	780
0.567492168324282	781
0.603977625903761	782
0.595919930978262	783
0.528043525074435	784
0.582868617319436	785
0.591410134117517	786
0.608905065075128	787
0.602192713274881	788
0.583988998005963	789
0.628880617847067	790
0.622293740119237	791
0.607110907148017	792
0.58340531107678	793
0.574849022218895	794
0.579670788116422	795
0.593124258731032	796
0.613271094197233	797
0.607201116125466	798
0.587074591417059	799
0.582803099339088	800
0.614677849188465	801
0.594204966372689	802
0.579683884719934	803
0.520778676315442	804
0.608179832631268	805
0.573242270593683	806
0.594134139177995	807
0.554301506109365	808
0.608808352337121	809
0.611712655938237	810
0.572345269713962	811
0.613076389204981	812
0.59562988533552	813
0.605106967523724	814
0.595462233247825	815
0.515184933812987	816
0.566347140665348	817
0.589487359439659	818
0.55093733990708	819
0.590393004713455	820
0.628607394454265	821
0.579523014218064	822
0.587822785783153	823
0.612372185562707	824
0.574848444012491	825
0.630486194233346	826
0.616974856754494	827
0.612437292273105	828
0.582295649270946	829
0.595041113715263	830
0.608001606909755	831
0.565641653476836	832
0.601492161557388	833
0.590023836532284	834
0.596670907533614	835
0.618326585039095	836
0.641019893855512	837
0.552939886445872	838
0.564726315485649	839
0.622496782189453	840
0.593714233299446	841
0.580233838322109	842
0.570555102206105	843
0.581584719268865	844
0.518022765784679	845
0.617196815762898	846
0.561516457300322	847
0.615834367834752	848
0.569077342285477	849
0.592374741146007	850
0.569414479824249	851
0.616614203552166	852
0.636207697557067	853
0.55850636538878	854
0.61040667817673	855
0.601441023517222	856
0.622427324479785	857
0.567842406178031	858
0.578951060604382	859
0.608729563586483	860
0.561996237099496	861
0.617602755593309	862
0.579633251751169	863
0.611530276429	864
0.55801601233154	865
0.571227371183832	866
0.623522360446326	867
0.595024309032805	868
0.563950017239981	869
0.636214404650838	870
0.55913988773684	871
0.563048113914948	872
0.525101131248186	873
0.567245533865282	874
0.594085729389071	875
0.621729169256364	876
0.593300007915569	877
0.544411374780293	878
0.503084406118328	879
0.570511300609694	880
0.593795268590737	881
0.566588733142081	882
0.502115050285764	883
0.669164434792043	884
0.592652496601818	885
0.557146703834637	886
0.605529105464617	887
0.587703159860329	888
0.608724113528989	889
0.53423783043402	890
0.594733734117011	891
0.564990002552946	892
0.560370155903925	893
0.617331294796881	894
0.576949706987417	895
0.518664414753338	896
0.565162226093919	897
0.58790891794331	898
0.593872728488529	899
0.491714833838817	900
0.592620418546918	901
0.633214490791988	902
0.56974095927978	903
0.573391830514563	904
0.540928956042887	905
0.536867049313751	906
0.53225512524059	907
0.572005285167152	908
0.5445024126191	909
0.601753824427532	910
0.618400316008024	911
0.586312385792352	912
0.590776909856096	913
0.595680227348229	914
0.552741793591604	915
0.581773992274174	916
0.57745734811057	917
0.548582357109985	918
0.560887665223155	919
0.526975932252535	920
0.530434460786011	921
0.610619558246896	922
0.58225363674498	923
0.604152733729821	924
0.560486980682609	925
0.580526032171949	926
0.533514030919826	927
0.536465339367119	928
0.643313595641801	929
0.578970118881577	930
0.596110885622587	931
0.634774114447381	932
0.614625235979223	933
0.590160082516308	934
0.588121849148668	935
0.602206138467196	936
0.567578682869689	937
0.582167789671863	938
0.523398352329058	939
0.54487361418341	940
0.598849962901302	941
0.532689334010879	942
0.626913781579851	943
0.611138660518533	944
0.544456070664032	945
0.527372481741865	946
0.546792464774587	947
0.593462217694824	948
0.629640514296581	949
0.515990539912147	950
0.582587061499193	951
0.624407577544273	952
0.593841617943601	953
0.535653466641685	954
0.621607224360369	955
0.565988818377556	956
0.604334333204704	957
0.591739523305313	958
0.598508929023664	959
0.539742556230861	960
0.614805768310416	961
0.589393745681394	962
0.609701997747534	963
0.592831237907441	964
0.600711116946369	965
0.568168500439775	966
0.586278497214496	967
0.617217517682598	968
0.660621998684771	969
0.49005169762839	970
0.610722093389793	971
0.579698046108929	972
0.65386590287123	973
0.595544604255582	974
0.540753482230995	975
0.576256715330817	976
0.496572368887996	977
0.544293667578929	978
0.5630220330234	979
0.66537414290967	980
0.637874255320126	981
0.534794705468295	982
0.621903240693142	983
0.583433605925692	984
0.56603046677724	985
0.602018901742934	986
0.597806318653556	987
0.575706466848018	988
0.651544498109746	989
0.596702159912594	990
0.554923946441825	991
0.547901619374375	992
0.568248367542158	993
0.567546090807265	994
0.657349358810335	995
0.628311353747384	996
0.611620236158935	997
0.652063257192487	998
0.579317368066081	999
0.565540425279428	1000
